0 100 0.112631 0.0765727 0.116439 0.0743949 0.126236 0.0690112 0.128915 0.0781038 0.132863 0.0821403 0.138067 0.0823677 0.114871 0.074951 0.129977 0.0776362 
200 494 0.0583609 0.0599323 0.126894 0.0931807 0.119323 0.0563508 0.183146 0.0470731 0.0951608 0.116776 0.0974203 0.0996349 0.121278 0.0748349 0.198418 0.057801 
400 48 0.0552536 0.0735025 0.185697 0.0403367 0.153587 0.0550108 0.178868 0.0626088 0.0103533 0.015553 0.0389674 0.0550274 0.167989 0.0392733 0.209284 0.0648031 
600 197 0.0337623 0.0634588 0.20135 0.0353183 0.143374 0.0486756 0.182332 0.0478398 0.0127355 0.00908241 0.0266215 0.0421183 0.178011 0.0280368 0.221813 0.0516302 
800 392 0.0328597 0.07007 0.206797 0.0434351 0.146889 0.0545437 0.174587 0.0500068 0.0155754 0.00898034 0.0340249 0.0475406 0.170936 0.0277791 0.218331 0.0582117 
1000 739 0.0378531 0.0714942 0.200385 0.0440186 0.15345 0.0591612 0.168644 0.0545933 0.0187716 0.00974506 0.0364832 0.0462601 0.170425 0.0289079 0.213989 0.058843 
1200 974 0.0247954 0.0628163 0.205755 0.0361994 0.137882 0.0536092 0.178147 0.0455527 0.0201164 0.0102979 0.0321013 0.0364608 0.176124 0.0273974 0.225078 0.0513506 
1400 928 0.0422883 0.0747321 0.197229 0.043369 0.150694 0.0607739 0.169136 0.0506509 0.0221408 0.0123932 0.0386889 0.0427503 0.169229 0.0324968 0.210594 0.0619744 
1600 1047 0.0373681 0.071609 0.197926 0.0422116 0.149656 0.0567522 0.169719 0.0471533 0.0218794 0.012302 0.0373246 0.0397946 0.169848 0.0342102 0.216278 0.0578495 
1800 980 0.0453854 0.0779948 0.193294 0.044829 0.155419 0.0619638 0.162716 0.0528623 0.0227268 0.0135855 0.0439399 0.0433855 0.168698 0.036216 0.207822 0.059902 
2000 1131 0.0574501 0.0840781 0.186907 0.0456278 0.166568 0.0611655 0.154826 0.0566048 0.0235966 0.0132159 0.0471431 0.0462287 0.166642 0.0372904 0.196868 0.0625363 
2200 1077 0.0634466 0.092198 0.18649 0.0498507 0.176686 0.0628865 0.147526 0.0617671 0.0213009 0.0114702 0.054527 0.0488854 0.159428 0.0384919 0.190595 0.0653419 
2400 1157 0.0720565 0.0987464 0.18498 0.0548437 0.181869 0.064461 0.141612 0.065034 0.0199616 0.0113663 0.0603438 0.0477917 0.157015 0.0364543 0.182162 0.065998 
2600 1143 0.0662399 0.103298 0.19178 0.0536773 0.182266 0.0636687 0.139526 0.0676949 0.0208302 0.0112188 0.0623049 0.0466196 0.154449 0.0380296 0.182604 0.0635989 
2800 1116 0.0743235 0.108302 0.185571 0.049101 0.188869 0.068417 0.133441 0.074671 0.0204052 0.0111031 0.0692573 0.0433496 0.149485 0.0420292 0.178649 0.0643091 
3000 1052 0.0726861 0.108956 0.186172 0.0450078 0.189909 0.0669611 0.133836 0.0778829 0.0214597 0.011975 0.0683724 0.0396755 0.150875 0.0447334 0.17669 0.0626792 
3200 1104 0.0705852 0.107369 0.1805 0.0441728 0.190369 0.0631785 0.131493 0.0720638 0.0222353 0.0124758 0.0673903 0.0396141 0.154794 0.0453448 0.182634 0.0644786 
3400 1030 0.0595167 0.106966 0.185059 0.0440699 0.18718 0.0633662 0.134065 0.071153 0.0226548 0.0140521 0.0648468 0.0404909 0.158471 0.0467109 0.188207 0.0632589 
3600 1229 0.0653819 0.106859 0.186283 0.041908 0.189781 0.0649906 0.129068 0.0729338 0.0247021 0.0159347 0.0626318 0.0390522 0.157112 0.0451441 0.185041 0.0637716 
3800 1214 0.0746131 0.110056 0.181823 0.0397528 0.195378 0.0654041 0.123281 0.0769724 0.0241076 0.0143379 0.0639731 0.0357815 0.156444 0.0465163 0.180382 0.0616006 
4000 1044 0.0709783 0.10587 0.182727 0.0393224 0.193361 0.0637981 0.125844 0.0750268 0.0239293 0.0145709 0.066275 0.0348409 0.155296 0.0456334 0.181589 0.0610631 
4200 1203 0.0731256 0.10464 0.179956 0.0374908 0.193042 0.0632564 0.125504 0.0764586 0.0218195 0.0137768 0.0676097 0.035385 0.156061 0.0467057 0.182883 0.0620607 
4400 1075 0.0888499 0.11209 0.175348 0.0390805 0.200975 0.0657956 0.116288 0.0804624 0.0233302 0.0151263 0.0682047 0.0348358 0.152331 0.0488257 0.174673 0.0661685 
4600 1244 0.0881858 0.115949 0.173458 0.042088 0.1989 0.0671879 0.11965 0.079094 0.0228823 0.0147746 0.0624018 0.0317954 0.157316 0.0502387 0.177206 0.064417 
4800 1119 0.0829225 0.115529 0.182332 0.0457758 0.19272 0.0737215 0.123711 0.0829376 0.0230672 0.0158646 0.0633522 0.0321576 0.156275 0.0502976 0.17562 0.062194 
5000 1258 0.091532 0.11627 0.180748 0.0456944 0.195697 0.0803215 0.119331 0.0835257 0.0226479 0.0137044 0.0573812 0.0267591 0.153983 0.0503714 0.178679 0.0629783 
5200 1302 0.0889053 0.116406 0.177922 0.0428236 0.198525 0.078892 0.117118 0.0868165 0.023015 0.0153623 0.0580014 0.0272608 0.151546 0.0524935 0.184968 0.0591382 
5400 1284 0.0880658 0.114435 0.183213 0.0461766 0.195935 0.0825918 0.119215 0.0874172 0.0214235 0.0133208 0.0541658 0.0255439 0.153026 0.0488301 0.184955 0.0564726 
5600 1300 0.0825928 0.112539 0.185171 0.0443629 0.189971 0.0774439 0.127373 0.0865195 0.0213915 0.0128661 0.0514496 0.0235386 0.157834 0.0494395 0.184217 0.0558015 
5800 1358 0.079521 0.111139 0.18282 0.0463309 0.191474 0.0771494 0.125697 0.0875246 0.0224849 0.0149015 0.0509074 0.0227406 0.159372 0.0480177 0.187724 0.0527371 
6000 1348 0.0902496 0.11367 0.181174 0.0471011 0.191562 0.078272 0.121144 0.087733 0.0231701 0.015521 0.0499308 0.0245944 0.157467 0.049208 0.185303 0.0539842 
6200 1296 0.0875634 0.110996 0.188314 0.0455907 0.179961 0.0755401 0.126487 0.087217 0.0219513 0.0141173 0.0479278 0.0242864 0.157072 0.0483049 0.190723 0.0508019 
6400 1384 0.0919894 0.113559 0.183466 0.0471128 0.186084 0.0768118 0.119694 0.0903818 0.0234273 0.0147139 0.0483791 0.0231827 0.1554 0.0497686 0.191561 0.0528157 
6600 1436 0.0937143 0.111988 0.185225 0.0457844 0.187147 0.0769406 0.11851 0.0901467 0.0243555 0.0155176 0.0453846 0.0246824 0.156745 0.0538826 0.188919 0.0486705 
6800 1464 0.095877 0.118215 0.178296 0.0450527 0.193892 0.0766728 0.111702 0.0883252 0.0251556 0.0179089 0.0451427 0.0259957 0.156132 0.0517741 0.193804 0.0469465 
7000 1290 0.106666 0.114147 0.178298 0.0449992 0.198652 0.0761339 0.103549 0.0875924 0.0231697 0.0176417 0.0463213 0.0270893 0.150372 0.0471726 0.192972 0.0472519 
7200 1390 0.10397 0.113586 0.178723 0.0438776 0.197863 0.0754002 0.103297 0.0889225 0.0242886 0.0174387 0.0415723 0.0248117 0.155125 0.0470478 0.195161 0.0453498 
7400 1468 0.111213 0.115764 0.184053 0.0478742 0.192328 0.0703102 0.105874 0.0875721 0.0219724 0.0164966 0.040196 0.0230445 0.156297 0.0480169 0.188066 0.0432613 
7600 1434 0.111653 0.119345 0.182848 0.0499055 0.190959 0.0685394 0.105161 0.0888658 0.0245289 0.0189878 0.0403502 0.0220607 0.152176 0.0504265 0.192325 0.0415598 
7800 1519 0.110762 0.119512 0.186956 0.0475799 0.187069 0.065469 0.106739 0.0880928 0.0239851 0.0165498 0.0415449 0.021108 0.149177 0.0458032 0.193768 0.0444019 
8000 1415 0.11874 0.114301 0.184619 0.0500768 0.1832 0.0665639 0.102421 0.0865211 0.0240801 0.0174453 0.0420471 0.0197166 0.1533 0.0455638 0.191592 0.0403432 
8200 1443 0.119538 0.113231 0.184228 0.0510861 0.180078 0.0654649 0.10621 0.0886865 0.0270155 0.0201959 0.0406422 0.0201641 0.153511 0.0476165 0.188777 0.0404826 
8400 1476 0.127837 0.112084 0.185829 0.0477159 0.184889 0.0619287 0.0990791 0.0872819 0.0253711 0.0155689 0.0394979 0.0204066 0.15383 0.0483152 0.183667 0.0393671 
8600 1473 0.126958 0.116149 0.187843 0.0486847 0.183225 0.0590313 0.0994835 0.0901892 0.0225579 0.0131631 0.0396123 0.0203661 0.152641 0.0471393 0.187679 0.0421075 
8800 1469 0.123086 0.109027 0.19129 0.0518617 0.182034 0.0627102 0.103622 0.0909042 0.0220747 0.0133363 0.0407889 0.0215618 0.153974 0.0484297 0.18313 0.041709 
9000 1537 0.120811 0.110587 0.19133 0.0507191 0.182556 0.0634529 0.105281 0.0920126 0.0228555 0.0143975 0.0392807 0.0224919 0.155525 0.0498919 0.182362 0.0450055 
9200 1442 0.126394 0.109977 0.191895 0.0522328 0.181891 0.0624414 0.102071 0.0890548 0.0213192 0.0139097 0.0410895 0.0258245 0.151731 0.048678 0.183616 0.0468294 
9400 1415 0.118297 0.114235 0.195919 0.0525077 0.181235 0.0582977 0.105919 0.0902633 0.0213027 0.0137942 0.0422521 0.0279934 0.148187 0.0484773 0.186888 0.0475193 
9600 1475 0.117565 0.118065 0.197567 0.0541519 0.18353 0.0528864 0.1029 0.0894441 0.0221589 0.0132245 0.0393913 0.0292717 0.142454 0.0505626 0.194434 0.0459839 
9800 1554 0.118408 0.118319 0.197928 0.0574156 0.186984 0.053382 0.0994316 0.0907054 0.0221522 0.0141192 0.0384635 0.0283807 0.144325 0.0500748 0.192308 0.0473773 
10000 1548 0.119069 0.114643 0.198423 0.056434 0.185715 0.0576026 0.103785 0.0900297 0.0222179 0.0153095 0.03795 0.0267971 0.140659 0.04818 0.192182 0.0484689 
10200 1462 0.118478 0.114964 0.197695 0.0593951 0.189216 0.0556878 0.0989377 0.0876183 0.0234891 0.0159287 0.0371926 0.0281838 0.140952 0.0552593 0.194039 0.0531352 
10400 1513 0.122426 0.116577 0.188212 0.0557809 0.194831 0.0549807 0.0950772 0.0900889 0.0227877 0.0174277 0.0403496 0.031011 0.136908 0.05375 0.199409 0.0584457 
10600 1432 0.111762 0.119687 0.184084 0.0548637 0.200833 0.0491655 0.0961327 0.0914279 0.0230998 0.0165604 0.0419514 0.0344951 0.138358 0.0567306 0.203779 0.0674014 
10800 1478 0.124398 0.114418 0.184322 0.0521419 0.205316 0.0476351 0.0859233 0.0886735 0.0235145 0.0178874 0.0403736 0.031136 0.131112 0.0576359 0.20504 0.0683535 
11000 1519 0.122435 0.117035 0.181069 0.0492081 0.205324 0.0464979 0.0811237 0.0842259 0.0235586 0.017287 0.042408 0.0348658 0.13069 0.0579037 0.213392 0.0697523 
11200 1493 0.118604 0.117981 0.1799 0.050698 0.199687 0.0445402 0.0948096 0.0915799 0.0243715 0.0165816 0.0384282 0.0309542 0.129562 0.0583987 0.214639 0.0725063 
11400 1558 0.117216 0.124049 0.177849 0.0484729 0.199988 0.0439985 0.10053 0.0981577 0.0246242 0.0169174 0.037081 0.0291884 0.124822 0.0594719 0.21789 0.0718324 
11600 1463 0.116476 0.121162 0.183827 0.0519182 0.194168 0.0474097 0.0966093 0.0985479 0.0252768 0.0164152 0.0406357 0.0317598 0.120995 0.0610435 0.222012 0.0678332 
11800 1433 0.108299 0.125079 0.179812 0.0488078 0.19849 0.0455317 0.0879647 0.0944964 0.0246282 0.0164463 0.0442855 0.0337144 0.124948 0.0621216 0.231572 0.0657801 
12000 1451 0.101678 0.130128 0.173701 0.0528661 0.192374 0.0474201 0.0902253 0.0934946 0.0240394 0.0143624 0.047888 0.0361125 0.130739 0.0674684 0.239397 0.0684135 
12200 1483 0.106225 0.128457 0.17832 0.0591397 0.185743 0.0488029 0.0880475 0.0890064 0.025393 0.0159738 0.0481449 0.035391 0.128282 0.0683781 0.239851 0.066525 
12400 1547 0.103397 0.119494 0.189042 0.0673599 0.180086 0.0525139 0.0996819 0.0927665 0.0270653 0.0172698 0.0440142 0.0321198 0.125328 0.0628549 0.231385 0.0716727 
12600 1451 0.10268 0.121226 0.179258 0.0680518 0.192701 0.0508873 0.0935307 0.0926819 0.0275695 0.0183252 0.0437537 0.0342206 0.126502 0.0641743 0.234006 0.0802665 
12800 1525 0.101497 0.120286 0.181404 0.0723472 0.187419 0.0527515 0.0973358 0.0960698 0.0290543 0.0193779 0.044996 0.0350721 0.123707 0.0621531 0.234586 0.0804417 
13000 1537 0.106241 0.12373 0.179382 0.0711679 0.185666 0.0499356 0.0950421 0.100172 0.0266276 0.019563 0.0439905 0.0333557 0.118775 0.0641108 0.244276 0.073098 
13200 1502 0.107283 0.124959 0.18217 0.0749354 0.185068 0.0545424 0.0949642 0.0978588 0.0308818 0.0239735 0.0464928 0.0353523 0.114878 0.0625153 0.238262 0.0806405 
13400 1549 0.0858685 0.124974 0.188786 0.0795375 0.172191 0.0537586 0.107684 0.0942004 0.0318672 0.0238182 0.0524152 0.0352027 0.124049 0.0628488 0.23714 0.082332 
13600 1504 0.0904682 0.125858 0.189993 0.0801384 0.169625 0.0539114 0.103745 0.0927929 0.0307484 0.0235718 0.0529174 0.0373382 0.126582 0.0630994 0.23592 0.0839879 
13800 1456 0.090942 0.129933 0.177712 0.0795163 0.171438 0.0538157 0.101547 0.0905161 0.029475 0.0234958 0.0559531 0.0379236 0.124904 0.0681505 0.248029 0.0854225 
14000 1550 0.0928361 0.133913 0.179469 0.0795644 0.164976 0.0546078 0.10096 0.0908241 0.0320925 0.0257069 0.0563914 0.0394953 0.121866 0.0681488 0.251409 0.0864385 
14200 1551 0.0941033 0.135578 0.177033 0.0744256 0.170616 0.0520143 0.10242 0.0967846 0.0297192 0.0240781 0.0514521 0.0363026 0.123191 0.0707428 0.251465 0.0857404 
14400 1575 0.102826 0.133079 0.18958 0.0769798 0.164783 0.0548241 0.104586 0.0973155 0.0320522 0.0274539 0.0504134 0.035539 0.111817 0.0641224 0.243942 0.0840601 
14600 1492 0.0995227 0.138054 0.180737 0.0760505 0.166022 0.0538472 0.0971399 0.0921117 0.0319273 0.0261512 0.0509905 0.0357921 0.117041 0.0667274 0.25662 0.0770587 
14800 1550 0.10834 0.140432 0.179483 0.0727171 0.170626 0.0548803 0.0905234 0.0895766 0.0302982 0.0251509 0.0526459 0.0358952 0.107725 0.0646887 0.260358 0.0761203 
15000 1544 0.100266 0.140999 0.176918 0.0745781 0.172581 0.0531724 0.0903222 0.0856697 0.027708 0.0243601 0.0520761 0.0358883 0.11082 0.0697041 0.269308 0.080483 
15200 1573 0.0979202 0.145681 0.174523 0.0777936 0.168602 0.0568004 0.0870174 0.0817179 0.0287406 0.0284427 0.0578604 0.0412012 0.107444 0.0652527 0.277892 0.083147 
15400 1548 0.102685 0.146178 0.1695 0.0799157 0.169559 0.0549775 0.0884109 0.0826151 0.0283305 0.0255854 0.0563035 0.0405521 0.108943 0.0672782 0.276268 0.0853101 
15600 1531 0.0885785 0.154545 0.160466 0.0782781 0.171465 0.0545682 0.091548 0.0816329 0.0288076 0.025033 0.0578068 0.0402241 0.113498 0.0688284 0.28783 0.081967 
15800 1567 0.099373 0.145974 0.172095 0.080757 0.158297 0.0612449 0.0923608 0.0840226 0.0308771 0.0259193 0.0590378 0.0450517 0.106428 0.0649447 0.281532 0.0904677 
16000 1575 0.0947962 0.147626 0.165138 0.0841 0.15636 0.0611353 0.0904776 0.0808177 0.0328042 0.0255125 0.0606751 0.0475513 0.111497 0.0700525 0.288252 0.0919585 
16200 1539 0.0946672 0.145977 0.166742 0.0814449 0.155342 0.0608348 0.0935562 0.0842254 0.0297711 0.0232812 0.0574847 0.0447371 0.11473 0.0652749 0.287706 0.0916797 
16400 1565 0.0940456 0.142256 0.172748 0.0843754 0.150284 0.0663858 0.0947803 0.0822362 0.0309755 0.0219728 0.0622961 0.0466064 0.111463 0.0635754 0.283407 0.0963754 
16600 1589 0.0993848 0.142186 0.174386 0.0815614 0.14966 0.0644228 0.0925297 0.0780703 0.0302496 0.0207163 0.0598196 0.0449371 0.106417 0.0658079 0.287553 0.0933779 
16800 1545 0.0976562 0.143044 0.175491 0.079825 0.14788 0.0630345 0.0977739 0.0752629 0.0325185 0.0221095 0.0620618 0.0438211 0.105943 0.0652028 0.280675 0.0935771 
17000 1618 0.0900464 0.150487 0.164481 0.0729378 0.152214 0.0550025 0.095569 0.0757183 0.0313206 0.020737 0.0612073 0.0446024 0.109626 0.0661664 0.295535 0.0905903 
17200 1579 0.0923377 0.148308 0.164416 0.0686539 0.154531 0.0523625 0.0948387 0.0745111 0.0291056 0.02032 0.0564211 0.0434433 0.108809 0.0661959 0.299541 0.087292 
17400 1607 0.088039 0.149503 0.160188 0.0708108 0.157207 0.050138 0.0934781 0.0750927 0.0290963 0.020195 0.0562221 0.0439281 0.111724 0.0700796 0.304046 0.0883562 
17600 1497 0.0842084 0.153547 0.150372 0.0724328 0.160331 0.0502786 0.0907078 0.0751009 0.0287612 0.0197905 0.0581415 0.0446206 0.115858 0.0680046 0.311621 0.0832398 
17800 1562 0.0772671 0.157245 0.145913 0.0709577 0.160822 0.0528719 0.0903261 0.0731137 0.0280659 0.0213443 0.0574228 0.0445859 0.117425 0.0685438 0.322757 0.0828292 
18000 1546 0.0798255 0.15944 0.145514 0.0705828 0.157425 0.0500998 0.0865471 0.0713738 0.028375 0.0221715 0.0563382 0.0452667 0.116172 0.0671926 0.329803 0.0798438 
18200 1601 0.0698248 0.160044 0.143401 0.0711866 0.159699 0.0499453 0.0896851 0.0729706 0.0278264 0.0228179 0.0594628 0.0491487 0.117649 0.0682472 0.332452 0.0783867 
18400 1549 0.0834723 0.158124 0.139711 0.0663541 0.155779 0.0533913 0.0887665 0.0718383 0.0269837 0.0209088 0.0601542 0.0500195 0.111879 0.07072 0.333255 0.0798694 
18600 1508 0.0844436 0.152389 0.139784 0.0677775 0.161128 0.0510344 0.0837586 0.0692401 0.0268936 0.0201577 0.0595343 0.0506255 0.107392 0.0709017 0.337066 0.0769049 
18800 1515 0.0733671 0.153945 0.138581 0.0740665 0.160561 0.0528257 0.0857293 0.069334 0.0287613 0.0215646 0.0651727 0.0513608 0.109418 0.0700994 0.33841 0.0844971 
19000 1528 0.0805488 0.147674 0.136334 0.0745287 0.162445 0.0524355 0.0803722 0.0669898 0.0283202 0.0198015 0.0650502 0.0536285 0.102153 0.0658644 0.344776 0.0816404 
19200 1495 0.0722424 0.150618 0.13208 0.0697761 0.165832 0.0515699 0.0834646 0.0695085 0.0282854 0.0190085 0.0683099 0.0520591 0.104761 0.0667816 0.345025 0.0795938 
19400 1530 0.0641121 0.149287 0.128565 0.0726161 0.168293 0.0507638 0.0811645 0.0625847 0.027602 0.0207552 0.0741082 0.0555014 0.110497 0.0649546 0.345658 0.0806218 
19600 1529 0.0651118 0.155139 0.122678 0.0691936 0.173204 0.0465911 0.0760348 0.0595629 0.0296003 0.0204737 0.0734561 0.0595592 0.105272 0.0652947 0.354643 0.073855 
19800 1579 0.0700711 0.159161 0.115777 0.0722423 0.169962 0.0466117 0.0741284 0.0550463 0.0291943 0.0200153 0.079632 0.0651773 0.107851 0.0651599 0.353385 0.0755423 
20000 1615 0.066357 0.160459 0.121715 0.0717789 0.172585 0.0485685 0.0762928 0.0603685 0.0309364 0.0225 0.0749976 0.0623036 0.107372 0.0675563 0.349744 0.0800541 
20200 1571 0.05047 0.162609 0.123238 0.0703933 0.177894 0.0541252 0.0826272 0.0579997 0.0319414 0.0223393 0.0761935 0.0601184 0.114907 0.0687473 0.342728 0.0838026 
20400 1555 0.0582218 0.158118 0.12338 0.0720999 0.17206 0.0500234 0.0814719 0.0566109 0.0308739 0.0227308 0.0781894 0.062072 0.116864 0.0683783 0.338939 0.0825142 
20600 1529 0.0644326 0.151857 0.118395 0.0771758 0.171011 0.0494001 0.0733878 0.0555027 0.0293845 0.0203514 0.0816903 0.0624496 0.115443 0.0669485 0.346255 0.0757467 
20800 1546 0.0757139 0.146685 0.125168 0.0752937 0.165542 0.0513713 0.076759 0.0578565 0.0285576 0.0193504 0.0806727 0.0620189 0.115372 0.0716438 0.332214 0.0871004 
21000 1592 0.0687845 0.149967 0.128381 0.0752802 0.166258 0.0534223 0.0782473 0.0576211 0.0258403 0.0169625 0.0783536 0.0594951 0.114092 0.071591 0.340043 0.0815611 
21200 1585 0.0670467 0.152433 0.134992 0.0753853 0.168918 0.0585989 0.078695 0.059285 0.0221451 0.0140455 0.0758233 0.0563833 0.114235 0.0717127 0.338145 0.0785487 
21400 1505 0.0592062 0.148461 0.12802 0.0812323 0.174589 0.0601156 0.0756764 0.0576668 0.024564 0.0157708 0.0767804 0.0576366 0.113819 0.0715949 0.347346 0.0725848 
21600 1599 0.0553384 0.153615 0.132874 0.0778823 0.174342 0.0635331 0.0824319 0.060967 0.0227218 0.0152364 0.0753103 0.0548315 0.119645 0.0789185 0.337337 0.0751913 
21800 1556 0.0582367 0.158757 0.136054 0.0793673 0.168639 0.0639793 0.0855659 0.0634333 0.0217802 0.0150684 0.0753342 0.0552959 0.119591 0.0786378 0.334799 0.0743795 
22000 1607 0.0620596 0.161 0.136885 0.0816413 0.163349 0.0643452 0.0861594 0.0661027 0.0224034 0.0171575 0.07702 0.0557044 0.122326 0.0797056 0.32981 0.0763591 
22200 1585 0.0630561 0.162549 0.136447 0.0816137 0.167017 0.0645927 0.0848781 0.0636148 0.0242727 0.0170939 0.0730417 0.0538485 0.119021 0.0772817 0.332273 0.0737659 
22400 1541 0.0541513 0.160159 0.136751 0.0823927 0.173496 0.0668232 0.0843135 0.0620495 0.0238496 0.0161611 0.0713505 0.051453 0.120811 0.0738724 0.335276 0.0738493 
22600 1572 0.0447017 0.16281 0.136507 0.0851428 0.178585 0.0661854 0.0840384 0.0620345 0.0221692 0.0144793 0.0693766 0.050072 0.122517 0.0730847 0.342105 0.0719982 
22800 1527 0.0691103 0.167055 0.144454 0.0807019 0.168051 0.0686046 0.0770538 0.0621398 0.0218315 0.0149905 0.0645798 0.0492917 0.116699 0.0745282 0.33822 0.0691323 
23000 1590 0.0710841 0.16468 0.140842 0.0750599 0.166056 0.0710778 0.0787733 0.0621184 0.0215346 0.0153171 0.0668428 0.0488744 0.118356 0.0781621 0.336511 0.0709673 
23200 1552 0.0576347 0.173755 0.13201 0.0703626 0.170518 0.0729108 0.0887387 0.0636148 0.0220934 0.0141295 0.0672129 0.0474987 0.121426 0.0774334 0.340366 0.0731409 
23400 1591 0.0630566 0.168635 0.131567 0.0703227 0.171673 0.0740505 0.0858604 0.0627795 0.0217892 0.0147262 0.0665829 0.0464703 0.121283 0.0726771 0.338188 0.0730745 
23600 1580 0.0678591 0.16741 0.135708 0.0707476 0.174492 0.0766553 0.0791702 0.0632111 0.0228291 0.015407 0.0642089 0.0465629 0.116381 0.0719681 0.339352 0.0734023 
23800 1564 0.0580019 0.170809 0.131809 0.0715696 0.16996 0.0731778 0.0827233 0.0638097 0.0241198 0.0159637 0.0692882 0.0498291 0.119658 0.071833 0.34444 0.0721282 
24000 1598 0.0525804 0.167252 0.131993 0.0730107 0.175913 0.0762177 0.0813752 0.0632018 0.0259275 0.0171493 0.0641183 0.0434831 0.11984 0.0725008 0.348253 0.072829 
24200 1544 0.0433847 0.174666 0.129018 0.0764131 0.174682 0.0781693 0.0874723 0.0646494 0.0257959 0.0163959 0.0646078 0.0453838 0.118025 0.0739066 0.357014 0.0758506 
24400 1554 0.0618726 0.171577 0.141461 0.0751036 0.169691 0.0810886 0.0816474 0.0657563 0.0243243 0.01746 0.0575804 0.0433138 0.110618 0.0744563 0.352825 0.0744355 
24600 1627 0.0521907 0.173365 0.135583 0.0780293 0.16745 0.0756008 0.0872549 0.0688821 0.0234911 0.0145809 0.06311 0.0463238 0.110387 0.0741392 0.360533 0.0715856 
24800 1603 0.0409626 0.171577 0.131502 0.0768042 0.179605 0.0804059 0.089984 0.0689389 0.0226395 0.0137733 0.0622992 0.0404894 0.116925 0.0744816 0.356083 0.0759866 
25000 1614 0.0459996 0.173595 0.137338 0.0796416 0.17706 0.083352 0.0876618 0.0681624 0.0217961 0.0137438 0.058745 0.0394817 0.109097 0.076182 0.362302 0.0700652 
25200 1635 0.0468224 0.170269 0.13459 0.08195 0.17584 0.0836614 0.0878761 0.0683705 0.0228841 0.0141855 0.0579986 0.0420307 0.107653 0.0737156 0.366336 0.0708281 
25400 1527 0.0492305 0.168753 0.138303 0.0816714 0.174006 0.0825742 0.084361 0.064838 0.0236368 0.0142568 0.0553351 0.0414808 0.103421 0.0719897 0.371705 0.0674818 
25600 1609 0.0438365 0.173471 0.139192 0.0840063 0.179923 0.0848066 0.0868759 0.0677417 0.0233078 0.0149134 0.054693 0.0403268 0.103381 0.0717416 0.36879 0.0670649 
25800 1554 0.0302499 0.181105 0.130249 0.0849818 0.177196 0.0833854 0.0931708 0.0716842 0.0237066 0.0149909 0.0649871 0.0469607 0.105829 0.0740801 0.374611 0.063147 
26000 1579 0.0501673 0.186961 0.139097 0.0855508 0.174592 0.0878931 0.0851512 0.0714546 0.0222609 0.0139504 0.0577771 0.0443141 0.100589 0.0778382 0.370366 0.0645871 
26200 1522 0.0324261 0.184675 0.136076 0.0848162 0.184841 0.0938842 0.0895339 0.0679533 0.0237159 0.0153927 0.0543284 0.0409148 0.11421 0.0843192 0.364868 0.0707435 
26400 1592 0.0497876 0.179703 0.138468 0.0835339 0.174857 0.090768 0.0822581 0.0673959 0.0236383 0.01354 0.0517155 0.0389257 0.109198 0.081352 0.370078 0.0702985 
26600 1532 0.0452257 0.179115 0.13609 0.0826337 0.181608 0.0935251 0.0819888 0.0657669 0.0250551 0.0144991 0.0504518 0.0378845 0.111881 0.0831762 0.3677 0.0716832 
26800 1587 0.0331487 0.178145 0.14244 0.0770259 0.190368 0.0963524 0.0834125 0.0644881 0.0252923 0.0139027 0.0451887 0.0335328 0.117422 0.0840223 0.362728 0.0752564 
27000 1572 0.0352233 0.179052 0.149344 0.0734345 0.183763 0.0953937 0.0856479 0.0673602 0.0259224 0.0151933 0.0414122 0.0320653 0.115946 0.0847292 0.362741 0.0720648 
27200 1590 0.0341964 0.178544 0.146908 0.0769652 0.184535 0.0957818 0.0877282 0.0659313 0.0273515 0.0157537 0.0419588 0.0337899 0.121739 0.0890807 0.355583 0.0771482 
27400 1643 0.0332252 0.184045 0.138492 0.0840226 0.176637 0.0902503 0.0909139 0.0707625 0.0279245 0.017046 0.0467803 0.0398513 0.12352 0.0916981 0.362508 0.0767896 
27600 1584 0.0415385 0.185565 0.142142 0.0874332 0.180318 0.0968995 0.0814177 0.0658914 0.0293301 0.0178905 0.046619 0.0407431 0.121186 0.0940961 0.357449 0.0747079 
27800 1570 0.0381368 0.188541 0.144848 0.0887338 0.178407 0.0984159 0.0839034 0.0675795 0.0295124 0.0197967 0.0464536 0.0417619 0.123747 0.0962572 0.354991 0.073565 
28000 1619 0.0343267 0.191145 0.146176 0.0883521 0.180919 0.101761 0.0852065 0.067159 0.0294894 0.021984 0.0437101 0.0402688 0.129212 0.0942528 0.35096 0.0744576 
28200 1613 0.0362308 0.192036 0.14911 0.0909862 0.175771 0.100032 0.0853142 0.0688806 0.0309596 0.0213035 0.0458084 0.0438297 0.130454 0.0949381 0.346352 0.0722133 
28400 1561 0.030383 0.190833 0.149573 0.0898126 0.178975 0.104429 0.0842365 0.0679008 0.0301025 0.0196297 0.0458552 0.0415186 0.13557 0.0929528 0.345305 0.0742488 
28600 1662 0.010768 0.18664 0.14462 0.0914499 0.187925 0.10256 0.0898023 0.0706507 0.030968 0.0195709 0.0491964 0.0452172 0.144901 0.0961392 0.34182 0.0793635 
28800 1543 0.0049094 0.179809 0.144749 0.089746 0.195017 0.107164 0.0902409 0.0682743 0.0279103 0.0184568 0.0510549 0.0458248 0.149246 0.0971407 0.336872 0.0837621 
29000 1566 0.0117924 0.183738 0.146465 0.0884373 0.188853 0.100171 0.0861461 0.0697465 0.0271328 0.0178773 0.0542529 0.0448222 0.146014 0.0973886 0.339343 0.0858313 
29200 1547 0.0110468 0.189628 0.145345 0.0943284 0.186178 0.102922 0.0824854 0.0668303 0.0291022 0.0189298 0.0537528 0.045574 0.146112 0.101245 0.345978 0.0860014 
29400 1607 0.00746402 0.187835 0.152056 0.0935073 0.189968 0.104895 0.0767999 0.0627892 0.0279811 0.0189803 0.0531909 0.0426655 0.14353 0.102417 0.34901 0.0796986 
29600 1560 7.70355e-05 0.190366 0.145219 0.0951203 0.189644 0.110352 0.075533 0.0606664 0.0289701 0.0184079 0.0561261 0.0438088 0.149937 0.107662 0.354495 0.078336 
29800 1595 -0.00951339 0.190175 0.145554 0.0957391 0.197766 0.114823 0.0776797 0.060657 0.0279854 0.0186605 0.0555319 0.0436889 0.159306 0.112665 0.34569 0.081801 
30000 1573 -0.0034581 0.190085 0.144156 0.107789 0.191464 0.109635 0.074325 0.0603936 0.0288119 0.0197079 0.0529088 0.0456531 0.158667 0.115378 0.353126 0.0844714 
30200 1604 0.000265783 0.195768 0.138866 0.110753 0.182489 0.106937 0.0750377 0.0653952 0.027182 0.0191806 0.056409 0.0486023 0.159759 0.119653 0.359992 0.0830554 
30400 1595 0.0138771 0.193263 0.140892 0.108692 0.180174 0.109498 0.0694058 0.0600835 0.026976 0.0180481 0.0511055 0.0419238 0.149065 0.118843 0.368506 0.085084 
30600 1502 0.00293281 0.191525 0.132803 0.11459 0.173976 0.10842 0.0746676 0.0646087 0.0272082 0.0170777 0.0533777 0.0448624 0.157241 0.117459 0.377793 0.0877686 
30800 1616 -0.00128622 0.195683 0.129997 0.118129 0.177852 0.111209 0.0733674 0.0589462 0.0287321 0.0196434 0.0501643 0.0403327 0.161838 0.120366 0.379336 0.0932103 
31000 1552 0.000131089 0.197175 0.138959 0.116886 0.176849 0.110243 0.0750887 0.0601485 0.0267025 0.0195816 0.0527907 0.0458118 0.160982 0.119681 0.368497 0.0938744 
31200 1597 0.0194896 0.200918 0.144787 0.125596 0.16183 0.102834 0.0725165 0.0621861 0.0283713 0.021457 0.0479677 0.0426489 0.14602 0.118107 0.379017 0.0948397 
31400 1609 -0.000860147 0.200096 0.134613 0.126883 0.169775 0.102377 0.0753438 0.0577986 0.0284697 0.0209605 0.0480229 0.0398419 0.160399 0.117951 0.384237 0.100028 
31600 1548 0.00503642 0.206054 0.135843 0.130066 0.161277 0.101354 0.0749619 0.0562281 0.0275546 0.0181258 0.0494717 0.0421486 0.158394 0.119937 0.387462 0.0976455 
31800 1527 0.00601914 0.208008 0.128716 0.135064 0.150262 0.0924497 0.0769547 0.057821 0.027625 0.0191863 0.0516612 0.0426101 0.159325 0.118751 0.399437 0.0943083 
32000 1551 0.0138655 0.210548 0.130157 0.131682 0.149723 0.093246 0.0736451 0.0566282 0.028732 0.0215099 0.0494627 0.0389857 0.154409 0.118951 0.400006 0.0950072 
32200 1564 0.00733215 0.206068 0.1298 0.131392 0.146935 0.0878319 0.0726853 0.0569951 0.0265466 0.0188469 0.0536409 0.040101 0.164023 0.120564 0.399037 0.0954128 
32400 1621 0.0125664 0.209868 0.128847 0.132519 0.14363 0.0862633 0.0741033 0.056781 0.0262266 0.0190153 0.0521633 0.0397401 0.162598 0.121684 0.399865 0.0953316 
32600 1640 0.0111244 0.215263 0.12831 0.136461 0.142154 0.0858325 0.0731231 0.057253 0.0265623 0.0204637 0.0524519 0.0382509 0.162261 0.121613 0.404081 0.100264 
32800 1523 0.00176445 0.218945 0.123002 0.142798 0.136735 0.0823347 0.0757308 0.0603459 0.0270263 0.0200021 0.0541468 0.0393019 0.169377 0.120706 0.412218 0.0984574 
33000 1619 -0.00631879 0.222637 0.121262 0.144319 0.136961 0.0838023 0.0755831 0.0585982 0.0272088 0.0203409 0.0567669 0.0425829 0.177696 0.12425 0.410878 0.103447 
33200 1580 0.00336701 0.23484 0.114394 0.143525 0.131209 0.0825114 0.0781766 0.0615623 0.0265703 0.0195512 0.0530288 0.0407616 0.174348 0.127356 0.418907 0.0971673 
33400 1601 -0.00599121 0.238974 0.107136 0.142361 0.134325 0.0846388 0.0835694 0.0639441 0.0262669 0.0194505 0.0532584 0.0428378 0.179567 0.128594 0.421869 0.0968877 
33600 1601 -0.00667551 0.248188 0.106611 0.147446 0.136198 0.0881118 0.0899626 0.0661807 0.0229301 0.0157868 0.0470053 0.0357796 0.180192 0.133173 0.423776 0.102647 
33800 1559 -0.00755834 0.259195 0.100466 0.148177 0.138198 0.0895303 0.093972 0.0697865 0.0228658 0.0155513 0.042302 0.0310195 0.183288 0.137154 0.426467 0.102235 
34000 1598 -0.00621296 0.26681 0.0895496 0.145304 0.135005 0.0896008 0.095628 0.0732285 0.023341 0.0138203 0.0418426 0.0281842 0.182611 0.140354 0.438237 0.0924735 
34200 1548 0.00091021 0.27307 0.092426 0.139835 0.131298 0.0917838 0.0942197 0.0720435 0.0244667 0.0152189 0.0416358 0.0288735 0.179039 0.141006 0.436004 0.0944285 
34400 1570 -0.0213441 0.266444 0.0926248 0.143203 0.133883 0.0930109 0.0988329 0.0715256 0.026419 0.0168294 0.0410694 0.02703 0.188304 0.143163 0.440211 0.0950587 
34600 1595 -0.023275 0.267846 0.0896516 0.139023 0.135245 0.0904719 0.100903 0.0724978 0.0282473 0.0180518 0.0413243 0.0269617 0.190837 0.143587 0.437066 0.096336 
34800 1587 -0.00789912 0.270163 0.0959648 0.133873 0.131967 0.0911963 0.0973237 0.0719096 0.0280347 0.0189494 0.0393797 0.0272347 0.183805 0.143533 0.431424 0.0954323 
35000 1640 -0.0024019 0.268499 0.0981689 0.132834 0.129184 0.0872154 0.0945774 0.0746335 0.0260589 0.0192402 0.0383679 0.0270198 0.179644 0.141767 0.436401 0.0870177 
35200 1609 -0.0215317 0.259979 0.0996379 0.13863 0.13124 0.0873722 0.0974667 0.0739512 0.0262572 0.0181546 0.0359595 0.0246408 0.187016 0.144169 0.443955 0.0848423 
35400 1613 -0.0209376 0.260559 0.10675 0.14276 0.128674 0.0873433 0.0978185 0.0769825 0.0251471 0.0177236 0.0355184 0.0255346 0.184553 0.142521 0.442477 0.0877862 
35600 1629 -0.0291736 0.260807 0.107307 0.145969 0.132911 0.0902927 0.0962674 0.0743745 0.0236655 0.0153245 0.0353994 0.0249357 0.187749 0.14609 0.445874 0.0915445 
35800 1653 -0.0206686 0.261242 0.118192 0.149194 0.127567 0.0911499 0.0915114 0.073097 0.0253808 0.0161729 0.0346414 0.0247431 0.182204 0.148602 0.441172 0.0931615 
36000 1639 -0.0270115 0.259192 0.117933 0.156546 0.131228 0.0953924 0.0901925 0.0714845 0.0245407 0.0165604 0.0350464 0.0252545 0.187003 0.152897 0.441068 0.0932115 
36200 1563 -0.0263768 0.256796 0.133136 0.163163 0.129348 0.100161 0.0871816 0.0690735 0.0244309 0.0166895 0.0327689 0.0221193 0.181089 0.151856 0.438423 0.0983215 
36400 1588 -0.030202 0.256111 0.140571 0.166955 0.128642 0.102748 0.0867213 0.072365 0.0241674 0.017746 0.0321718 0.0224096 0.181615 0.154605 0.436314 0.0952394 
36600 1608 -0.0397521 0.255902 0.140963 0.166347 0.129432 0.0994949 0.0895453 0.0718474 0.0236588 0.0179111 0.0323673 0.0229759 0.181953 0.1551 0.441833 0.0978613 
36800 1601 -0.0506477 0.255381 0.132004 0.17023 0.129829 0.0998724 0.0934755 0.071834 0.0243105 0.0179916 0.0324082 0.0228801 0.190963 0.161059 0.447658 0.0961826 
37000 1637 -0.045932 0.2538 0.138805 0.172565 0.128182 0.101356 0.0907785 0.0719547 0.0238892 0.0174764 0.0298188 0.0217931 0.189459 0.162935 0.444999 0.0942695 
37200 1629 -0.0344605 0.253364 0.151433 0.170316 0.121797 0.100957 0.0847645 0.0686649 0.0247623 0.0201053 0.0303615 0.019754 0.179642 0.162828 0.4417 0.095738 
37400 1577 -0.0448896 0.252702 0.145244 0.170527 0.122368 0.0956496 0.0895577 0.071207 0.0258205 0.0202296 0.0292546 0.0203725 0.192431 0.168359 0.440214 0.0955763 
37600 1628 -0.0324707 0.247854 0.15213 0.170661 0.114576 0.0938301 0.0857256 0.0678438 0.0241476 0.017853 0.0278201 0.0200356 0.189892 0.174123 0.438179 0.0913019 
37800 1582 -0.0583712 0.248182 0.138256 0.171392 0.118464 0.0873654 0.0925944 0.0709186 0.0246875 0.0194145 0.0297141 0.021487 0.206642 0.172478 0.448014 0.0981099 
38000 1630 -0.04683 0.246127 0.146613 0.170433 0.113296 0.0861264 0.08782 0.0693433 0.0273299 0.0208578 0.0303551 0.0204008 0.197877 0.175921 0.443538 0.0945211 
38200 1663 -0.0548764 0.243755 0.145697 0.170565 0.108276 0.084116 0.0910368 0.0706727 0.0290439 0.0223199 0.0322129 0.0212449 0.20254 0.176743 0.44607 0.088204 
38400 1616 -0.0615708 0.244004 0.140282 0.169697 0.109754 0.0834021 0.0915799 0.070449 0.030405 0.0233 0.0311957 0.0215765 0.212235 0.177509 0.44615 0.0874899 
38600 1575 -0.0343263 0.239398 0.165134 0.170653 0.104998 0.0832849 0.0811357 0.0695106 0.0267252 0.0214802 0.0280832 0.0200819 0.190687 0.1755 0.437645 0.0889262 
38800 1620 -0.0621863 0.239934 0.149119 0.175105 0.112693 0.0870902 0.087275 0.0710009 0.0270754 0.0231116 0.0287167 0.0208232 0.206616 0.175583 0.450735 0.0883717 
39000 1656 -0.065451 0.237264 0.150134 0.177484 0.110683 0.0868414 0.0867118 0.0706116 0.0267244 0.0219732 0.0301375 0.0203414 0.211215 0.179335 0.449918 0.0861985 
39200 1658 -0.0693448 0.238863 0.153796 0.178347 0.105939 0.0849017 0.0876484 0.0724163 0.0263115 0.0196786 0.0290243 0.0201774 0.214538 0.183703 0.452202 0.0838978 
39400 1609 -0.0739754 0.241824 0.147294 0.176988 0.109928 0.0843623 0.0883027 0.0743531 0.0267095 0.0191667 0.0319439 0.0238159 0.215765 0.184744 0.454157 0.0842369 
39600 1590 -0.0779663 0.239864 0.150966 0.178001 0.107084 0.0876134 0.0879302 0.075557 0.0262299 0.0183426 0.0353194 0.0265613 0.214544 0.186 0.455937 0.0810952 
39800 1632 -0.0746578 0.240995 0.159772 0.174304 0.104162 0.0889029 0.083344 0.071964 0.0240319 0.0160563 0.0363113 0.0267008 0.211403 0.187509 0.455733 0.0806085 
