0 0.126759 0.0884898 0.124535 0.0785391 0.128202 0.0777261 0.113799 0.0845101 0.127776 0.0778074 0.119285 0.0795867 0.13069 0.0787254 0.128954 0.0789252 
200 0.155272 0.0859443 0.166103 0.0749002 0.148566 0.0921638 0.0848605 0.0790948 0.076569 0.0710169 0.0658785 0.0704696 0.126703 0.0756741 0.176049 0.0980916 
400 0.193189 0.0632917 0.191193 0.0433217 0.120669 0.0372661 0.086811 0.0579254 0.0599009 0.0827106 0.0438342 0.0599108 0.0969798 0.0462194 0.207423 0.0565693 
600 0.194996 0.0448836 0.206922 0.0415793 0.130636 0.0331322 0.0963797 0.0344672 0.0111039 0.0479342 0.0232884 0.0426671 0.107734 0.0322184 0.22894 0.0493458 
800 0.193636 0.0345065 0.221656 0.0353785 0.13061 0.0236583 0.101601 0.0262964 -0.00465271 0.0336076 0.00820154 0.0242055 0.104106 0.0186204 0.244843 0.0359159 
1000 0.183303 0.0204982 0.228632 0.0260118 0.133582 0.0223551 0.0965126 0.0222738 -0.0167168 0.0214011 0.00956583 0.0243191 0.108213 0.0183239 0.256909 0.0314835 
1200 0.184374 0.0196929 0.232575 0.0228656 0.133937 0.0211459 0.0952941 0.0204829 -0.0203884 0.0225435 0.0038914 0.0228846 0.108446 0.0181738 0.26187 0.0263215 
1400 0.187348 0.019547 0.233851 0.0208674 0.132336 0.0212215 0.0936145 0.0183545 -0.0223353 0.0190445 0.00134236 0.0202926 0.107204 0.0157427 0.266638 0.0221836 
1600 0.187301 0.0166906 0.237725 0.021506 0.131231 0.0229951 0.0883975 0.0210725 -0.0201353 0.0194696 -0.0019563 0.0212493 0.107659 0.0185934 0.269778 0.0246177 
1800 0.190705 0.0197017 0.239688 0.0243469 0.130825 0.024488 0.0849416 0.0243801 -0.0204782 0.0184144 -0.00245484 0.02199 0.106769 0.0219936 0.270004 0.0253461 
2000 0.188767 0.0189872 0.245508 0.0292654 0.13134 0.0273213 0.0750959 0.0301001 -0.021855 0.0188862 -0.00409382 0.0230157 0.108369 0.0229072 0.276869 0.0271508 
2200 0.193344 0.0223719 0.243053 0.0304254 0.129817 0.0288046 0.0740237 0.0320883 -0.0227508 0.0176654 -0.00585761 0.0216447 0.111888 0.0256564 0.276483 0.0286682 
2400 0.197134 0.0247663 0.248301 0.0299779 0.134193 0.0282656 0.061879 0.0323393 -0.0268365 0.0207137 -0.00993631 0.0240972 0.115414 0.0252459 0.279851 0.0281874 
2600 0.201073 0.0248195 0.251627 0.0301276 0.136551 0.0238382 0.0512743 0.0331157 -0.0272678 0.0210878 -0.0154104 0.0245784 0.115972 0.0239076 0.286181 0.0285972 
2800 0.204777 0.0242084 0.253808 0.0314781 0.133907 0.0254624 0.0439664 0.0318098 -0.0298417 0.0226393 -0.0172997 0.0236051 0.116607 0.0242037 0.294075 0.0269154 
3000 0.206473 0.0249837 0.25468 0.0338434 0.13595 0.0243627 0.0446027 0.033955 -0.0345155 0.0245375 -0.021657 0.0239926 0.116928 0.0251191 0.297539 0.0274465 
3200 0.209407 0.0241897 0.259689 0.037688 0.133711 0.0257915 0.0366336 0.0327351 -0.0357795 0.0257473 -0.0261172 0.0233347 0.120735 0.0244311 0.301721 0.027902 
3400 0.210835 0.0233019 0.265607 0.0401891 0.132603 0.0237073 0.0287708 0.031877 -0.0407209 0.0252389 -0.0250462 0.0269395 0.121183 0.0285102 0.306768 0.0297477 
3600 0.210922 0.0229109 0.274536 0.035921 0.129994 0.0270478 0.0188067 0.0263008 -0.0447456 0.0216984 -0.0181961 0.0285347 0.117521 0.0297034 0.311163 0.0282998 
3800 0.21434 0.0234323 0.275931 0.0349389 0.12796 0.0252205 0.0170748 0.0222967 -0.0440935 0.0248711 -0.0227196 0.0275746 0.11972 0.0310158 0.311788 0.0298177 
4000 0.217501 0.0273674 0.269313 0.0413304 0.128629 0.027313 0.0184442 0.0234874 -0.0453983 0.02482 -0.0275914 0.0305941 0.1206 0.0356361 0.318504 0.0365653 
4200 0.216873 0.0270099 0.270761 0.042829 0.124319 0.0311812 0.0199343 0.0247939 -0.0482347 0.0257376 -0.0256714 0.0305466 0.120779 0.0357305 0.321239 0.0366846 
4400 0.213222 0.0267939 0.272628 0.0421183 0.126496 0.0289271 0.0206167 0.0255851 -0.0486784 0.0260128 -0.0277357 0.0304486 0.117172 0.0368019 0.326279 0.0359568 
4600 0.213367 0.0302656 0.271845 0.0466444 0.128278 0.0282098 0.0196026 0.0241516 -0.0504344 0.0267199 -0.0302033 0.0327647 0.116876 0.03505 0.330669 0.0310472 
4800 0.209985 0.0325133 0.278305 0.0462627 0.127673 0.0313724 0.0172026 0.0262154 -0.0507063 0.0298457 -0.0326208 0.0347483 0.118076 0.036607 0.332085 0.0303344 
5000 0.208282 0.0321144 0.277734 0.0503669 0.130916 0.0313518 0.0186944 0.0264527 -0.0537331 0.0302694 -0.0375629 0.0356571 0.118259 0.0355649 0.337411 0.0279147 
5200 0.205478 0.0321184 0.283821 0.0485388 0.130361 0.033271 0.0188909 0.0283706 -0.0569122 0.0324598 -0.0355013 0.0363666 0.115368 0.0342523 0.338495 0.0283569 
5400 0.20607 0.030737 0.28066 0.0469169 0.133608 0.0320341 0.0192417 0.0319537 -0.0605498 0.0314858 -0.0397725 0.0370442 0.123384 0.0361726 0.337359 0.0271976 
5600 0.207308 0.0300836 0.278106 0.0458366 0.14027 0.0303829 0.0196082 0.0325364 -0.0648175 0.0314992 -0.0510329 0.0359999 0.129768 0.0353225 0.34079 0.0271438 
5800 0.204567 0.0282958 0.282855 0.0480126 0.136295 0.0310008 0.0211059 0.0323624 -0.0631678 0.0332705 -0.0536176 0.0341812 0.132334 0.0338098 0.339628 0.0286635 
6000 0.208032 0.0298363 0.281442 0.0538484 0.134034 0.031189 0.0226292 0.0301535 -0.0605258 0.0321522 -0.0577399 0.0310838 0.129954 0.0362888 0.342174 0.0307205 
6200 0.214431 0.0312517 0.285042 0.0502523 0.128458 0.0295168 0.0200096 0.029944 -0.0608445 0.0338459 -0.0579655 0.0307876 0.128378 0.035348 0.342492 0.031984 
6400 0.217886 0.0336871 0.287719 0.0511119 0.126618 0.0322812 0.0140582 0.0312217 -0.0629572 0.0339229 -0.0598453 0.0297712 0.133849 0.0323428 0.342672 0.0344007 
6600 0.219494 0.0343008 0.290149 0.0515498 0.129262 0.0333873 0.0131747 0.0321917 -0.0648307 0.0343798 -0.0604575 0.0288126 0.131976 0.0377711 0.341232 0.0366097 
6800 0.219255 0.0337287 0.2899 0.0541252 0.125677 0.0366979 0.0142507 0.0339967 -0.0651045 0.0368825 -0.0604269 0.0297934 0.13376 0.0336816 0.342688 0.0366263 
7000 0.222731 0.0340992 0.293481 0.0551024 0.121769 0.0359611 0.0149537 0.0309898 -0.0691574 0.0356544 -0.0629907 0.0309486 0.132463 0.030047 0.34675 0.0370222 
7200 0.22492 0.032794 0.29492 0.0535204 0.121164 0.0370165 0.0130329 0.029146 -0.0753615 0.0382368 -0.059277 0.0321841 0.128563 0.032471 0.352038 0.0360005 
7400 0.224238 0.0331787 0.292124 0.0535502 0.123495 0.0371519 0.0150448 0.0299417 -0.0777957 0.0367372 -0.0617473 0.033746 0.132446 0.0315834 0.352195 0.0385023 
7600 0.225858 0.0349801 0.291896 0.0539533 0.119218 0.0358036 0.0162084 0.0296733 -0.0766307 0.0365624 -0.0626954 0.0325843 0.133243 0.0284299 0.352902 0.0407601 
7800 0.225211 0.0346 0.297089 0.0540415 0.117188 0.033504 0.0162983 0.0299947 -0.0788679 0.0373562 -0.0650584 0.0346076 0.136307 0.0296388 0.351833 0.039734 
