0 100 0.126759 0.0884898 0.124535 0.0785391 0.128202 0.0777261 0.113799 0.0845101 0.127776 0.0778074 0.119285 0.0795867 0.13069 0.0787254 0.128954 0.0789252 
200 293 0.21864 0.18046 0.113071 0.0618507 0.114515 0.0955237 0.034469 0.0305304 0.134944 0.0514544 0.150189 0.0765598 0.0869879 0.0741814 0.147184 0.0778567 
400 86 0.296483 0.151142 0.135935 0.0687531 0.125686 0.101417 0.0143179 0.0186935 0.0800818 0.0471905 0.150443 0.0501272 0.0292168 0.0438264 0.167836 0.0557468 
600 163 0.26485 0.132667 0.153943 0.0661623 0.16134 0.0899996 0.0132986 0.0147329 0.0634595 0.0472252 0.155105 0.0435506 0.0273624 0.0298368 0.160641 0.0411495 
800 309 0.242419 0.10391 0.173565 0.0570396 0.181596 0.073358 0.0184775 0.0109643 0.0429982 0.0348576 0.164446 0.0289265 0.0296288 0.0190676 0.14687 0.0309724 
1000 335 0.230019 0.0924662 0.184102 0.0510636 0.18984 0.0653852 0.0194627 0.0102656 0.0360573 0.0325436 0.164896 0.0290681 0.0266621 0.0138943 0.148961 0.0272831 
1200 372 0.259541 0.118755 0.171118 0.0619595 0.171046 0.0804642 0.0211559 0.0118461 0.0394469 0.0330792 0.15561 0.0319792 0.0260362 0.0145179 0.156047 0.027876 
1400 472 0.227252 0.0853154 0.187765 0.0473332 0.196319 0.0584197 0.0221186 0.0119923 0.0316774 0.0248222 0.15683 0.031153 0.028906 0.0160141 0.149133 0.0276985 
1600 489 0.234187 0.0917272 0.180958 0.0506696 0.190526 0.0641456 0.0225358 0.0139862 0.0316257 0.0271957 0.153626 0.0337677 0.0322421 0.0186615 0.1543 0.030081 
1800 431 0.259405 0.110768 0.174497 0.0593605 0.173396 0.0770533 0.0245012 0.0159805 0.03746 0.0335104 0.140242 0.0384392 0.0314575 0.0201459 0.159041 0.0307319 
2000 594 0.273396 0.121234 0.171183 0.0566162 0.164288 0.0819602 0.0245623 0.0163678 0.0413869 0.0346941 0.131939 0.0418369 0.031004 0.0198344 0.16224 0.0294213 
2200 572 0.280037 0.12317 0.16946 0.054036 0.158096 0.0795719 0.0261538 0.0165957 0.0413096 0.0334159 0.128106 0.0413024 0.0361268 0.02362 0.160712 0.0303047 
2400 648 0.291194 0.12931 0.168344 0.0551742 0.150824 0.0845257 0.025108 0.0131229 0.045051 0.0352974 0.120929 0.0453911 0.0371268 0.0244189 0.161423 0.029725 
2600 639 0.299624 0.126726 0.169204 0.0590664 0.145712 0.0811526 0.0238967 0.0129521 0.0473118 0.0333681 0.119628 0.0430555 0.0343349 0.0249073 0.160289 0.0316817 
2800 677 0.298246 0.128141 0.175458 0.0584627 0.150949 0.083785 0.0247563 0.0130494 0.047004 0.0306926 0.117021 0.0459474 0.0293702 0.0211743 0.157195 0.0330108 
3000 808 0.299241 0.1315 0.18051 0.0619473 0.155689 0.0861027 0.0228342 0.0128399 0.0433475 0.0272623 0.113299 0.0438287 0.0275394 0.0182311 0.157541 0.0335486 
3200 805 0.306337 0.13702 0.179165 0.0596787 0.157666 0.0893408 0.0226335 0.0129508 0.0391459 0.0234516 0.107851 0.0433926 0.0287386 0.0187679 0.158465 0.0360492 
3400 824 0.309053 0.140752 0.178959 0.0556854 0.156153 0.0902961 0.0241141 0.0132541 0.0373719 0.0227093 0.105394 0.0463756 0.0275971 0.0186127 0.161358 0.034471 
3600 835 0.308787 0.143754 0.177675 0.0592028 0.15723 0.0876333 0.0256168 0.0148911 0.0348443 0.0195086 0.101656 0.0453163 0.0272172 0.0187519 0.166973 0.0346971 
3800 876 0.300499 0.147843 0.174602 0.0586754 0.162063 0.0854428 0.0257192 0.0144869 0.032011 0.0168339 0.102032 0.0461253 0.0331465 0.0225977 0.169927 0.0355589 
4000 858 0.301906 0.145208 0.179124 0.0601955 0.165822 0.0821006 0.023648 0.0138289 0.0289758 0.0156426 0.098642 0.0431062 0.0325726 0.0231026 0.169309 0.0328603 
4200 804 0.291303 0.142066 0.185935 0.0623925 0.172932 0.0792618 0.0236318 0.0127644 0.0278751 0.0151269 0.0989301 0.039981 0.031886 0.0212426 0.167507 0.0325864 
4400 894 0.300081 0.147814 0.186846 0.0588504 0.169477 0.0794186 0.0245078 0.0137708 0.0263231 0.0162355 0.0946696 0.041972 0.0305745 0.0239779 0.16752 0.0311088 
4600 823 0.288954 0.144527 0.192661 0.0578497 0.176633 0.0763895 0.0255286 0.0139756 0.0284971 0.0170353 0.0936766 0.0414265 0.0308329 0.0244694 0.163216 0.0301477 
4800 867 0.301835 0.139148 0.1897 0.0540549 0.1739 0.0726344 0.0264706 0.0160089 0.0269053 0.0181529 0.0891974 0.0432557 0.0283905 0.0235058 0.163602 0.0296068 
5000 965 0.308108 0.133424 0.189221 0.0502923 0.173476 0.0701229 0.0288601 0.0178231 0.0239504 0.0192209 0.0850036 0.0443309 0.026521 0.0235414 0.16486 0.032607 
5200 910 0.290176 0.132439 0.191685 0.0530972 0.178637 0.069609 0.0287802 0.0186744 0.0235238 0.0199465 0.0878205 0.045679 0.0307143 0.0260419 0.168663 0.036195 
5400 893 0.300501 0.132656 0.185565 0.0557184 0.173256 0.0712011 0.0258343 0.0155419 0.0216878 0.0202905 0.0847204 0.045332 0.0357182 0.0252452 0.172718 0.0416409 
5600 943 0.297112 0.137474 0.185622 0.0536369 0.171979 0.0696237 0.0283457 0.0178547 0.0230803 0.0211435 0.0847674 0.0512748 0.0345831 0.0301028 0.17451 0.0406009 
5800 905 0.299462 0.137227 0.18594 0.0502518 0.170257 0.070478 0.0307735 0.0185335 0.0211646 0.0199689 0.0815423 0.0548312 0.0351863 0.0310817 0.175674 0.0407362 
6000 906 0.287333 0.136053 0.18658 0.0520914 0.17156 0.0757205 0.0295695 0.0190135 0.0225187 0.0204732 0.0845817 0.0544205 0.0401304 0.0332734 0.177726 0.0434947 
6200 885 0.280302 0.138443 0.184837 0.0513779 0.175963 0.0737908 0.0304746 0.0173303 0.0241236 0.020055 0.0899973 0.0570029 0.0364479 0.0338243 0.177855 0.0432368 
6400 902 0.272734 0.138332 0.185135 0.0490388 0.183876 0.0727009 0.0324169 0.0165189 0.0213246 0.0176153 0.0866692 0.0574263 0.0366206 0.0331143 0.181223 0.0420335 
6600 936 0.28814 0.138821 0.190179 0.0477495 0.180213 0.077215 0.0327457 0.016114 0.0211952 0.0172681 0.076337 0.0501914 0.0350379 0.0289041 0.176152 0.0407675 
6800 904 0.264737 0.135796 0.19605 0.047851 0.196739 0.0703866 0.0345907 0.0186979 0.0225263 0.0176248 0.0798432 0.0538635 0.0322335 0.0281624 0.173281 0.0374633 
7000 929 0.268154 0.14569 0.188416 0.0506279 0.186895 0.0684665 0.034747 0.0197227 0.0233275 0.018771 0.0830084 0.0632983 0.0363587 0.0311017 0.179093 0.0415517 
7200 988 0.266688 0.150993 0.182741 0.0516024 0.180169 0.0715702 0.0367814 0.0208902 0.0215536 0.0184778 0.0857623 0.0685278 0.041302 0.0344182 0.185003 0.0431527 
7400 889 0.26658 0.144039 0.188953 0.053349 0.181271 0.0787477 0.033757 0.0198434 0.0212461 0.017914 0.0826972 0.0667869 0.0402025 0.0337092 0.185293 0.0472875 
7600 970 0.284735 0.135805 0.189006 0.0566441 0.174034 0.0853883 0.0305361 0.0187804 0.0222206 0.0165569 0.0709235 0.0619194 0.0380965 0.0298028 0.190449 0.0500227 
7800 908 0.276438 0.134186 0.197606 0.0568403 0.173949 0.0923057 0.0287996 0.0178217 0.0230581 0.0159314 0.067148 0.059197 0.0404265 0.0318254 0.192575 0.0560387 
8000 996 0.261166 0.126737 0.204604 0.0538821 0.183023 0.0947274 0.0286145 0.0172184 0.0258514 0.0184734 0.0624049 0.0576262 0.0479664 0.0349745 0.186371 0.0597313 
8200 898 0.272675 0.132051 0.20388 0.0538026 0.166205 0.103007 0.0276169 0.0170255 0.0230764 0.0163407 0.0596628 0.0604235 0.0487184 0.034138 0.198166 0.0670465 
8400 941 0.270988 0.132052 0.205278 0.0540726 0.161201 0.107305 0.0274814 0.0157197 0.0224478 0.0176793 0.0600567 0.0629967 0.0520085 0.0350099 0.200538 0.0703185 
8600 1067 0.266859 0.131389 0.206142 0.0525182 0.169876 0.107932 0.0271509 0.0162899 0.0239015 0.0205897 0.0599516 0.0589051 0.046327 0.0321233 0.199792 0.0717008 
8800 999 0.267882 0.13023 0.206749 0.0588009 0.170855 0.10505 0.0271371 0.0173526 0.0231942 0.0199518 0.0548222 0.0625024 0.0490618 0.0327573 0.200298 0.0746044 
9000 937 0.267191 0.135426 0.202926 0.0594618 0.165943 0.108227 0.0272038 0.0148947 0.0249824 0.0209891 0.0559167 0.0653137 0.051303 0.0322816 0.204534 0.0777908 
9200 979 0.25425 0.126343 0.212903 0.0598019 0.180338 0.108063 0.0266496 0.015781 0.0257419 0.0204322 0.0530323 0.0651096 0.0521905 0.0343696 0.194895 0.0794319 
9400 972 0.257247 0.126767 0.216166 0.0599681 0.172258 0.114099 0.0259465 0.0165561 0.023172 0.0200402 0.0569337 0.0622158 0.041618 0.0290129 0.206658 0.0706502 
9600 922 0.267345 0.126388 0.216101 0.0580313 0.170045 0.115333 0.0257592 0.0186798 0.0214695 0.0183318 0.048687 0.0566801 0.0441205 0.0314069 0.206473 0.0777392 
9800 978 0.268055 0.124815 0.223544 0.0611856 0.166655 0.114237 0.0291922 0.0214376 0.022574 0.0198231 0.0414446 0.0475829 0.0426083 0.0309512 0.205927 0.0765603 
10000 981 0.267262 0.119979 0.229869 0.0601744 0.167537 0.112304 0.0292355 0.0219936 0.0204301 0.0210629 0.0374526 0.0429086 0.0440247 0.0280788 0.20419 0.0755615 
10200 977 0.262067 0.116274 0.232269 0.0621355 0.176335 0.109163 0.0291607 0.0219591 0.0218899 0.0182421 0.031166 0.0339907 0.0386238 0.0260896 0.208489 0.0713397 
10400 998 0.274668 0.114535 0.226159 0.0643449 0.167524 0.110997 0.0276854 0.0200189 0.0212289 0.0174952 0.0282056 0.032111 0.0415486 0.0282608 0.21298 0.0773735 
10600 979 0.275124 0.113004 0.227544 0.0658084 0.171712 0.113334 0.0277222 0.0201227 0.0206347 0.0162492 0.0246908 0.0273305 0.0429947 0.0298764 0.209578 0.0835401 
10800 981 0.27547 0.125338 0.228959 0.0589487 0.159252 0.118555 0.0320285 0.0229626 0.021996 0.0168018 0.0231284 0.0229058 0.0365462 0.0277842 0.22262 0.0788772 
11000 949 0.272888 0.136643 0.225153 0.0589321 0.168009 0.122941 0.0298314 0.0211267 0.0206184 0.0143798 0.0245354 0.0234335 0.038519 0.0299735 0.220446 0.0781634 
11200 979 0.280176 0.139516 0.221601 0.0619345 0.167305 0.12475 0.0268948 0.0184474 0.0197337 0.0146404 0.0244472 0.0232407 0.0428693 0.0340737 0.216973 0.0820712 
11400 1033 0.273655 0.140637 0.221751 0.0602362 0.175939 0.125836 0.0243853 0.0158232 0.020369 0.0145303 0.0261809 0.0246114 0.0435695 0.0333136 0.21415 0.0789522 
11600 1000 0.269565 0.145893 0.222508 0.0615689 0.178915 0.127916 0.0233 0.0140396 0.019099 0.01449 0.0275526 0.0295498 0.0394673 0.030408 0.219603 0.0770183 
11800 952 0.280414 0.147445 0.216814 0.0641695 0.164627 0.128105 0.0230567 0.0128993 0.019128 0.0152342 0.0289457 0.0309821 0.0340575 0.0268425 0.232957 0.076725 
12000 1032 0.273526 0.148487 0.2179 0.0625837 0.173061 0.127412 0.0252132 0.014619 0.0197942 0.0163245 0.0265798 0.0292336 0.037234 0.0280832 0.226692 0.0741732 
12200 992 0.271522 0.151409 0.220881 0.062142 0.174829 0.13151 0.0251008 0.0137881 0.0182852 0.016261 0.029142 0.0304631 0.0340625 0.0257056 0.226177 0.0755853 
12400 957 0.272523 0.161813 0.216396 0.0627196 0.179263 0.133695 0.0257785 0.0141253 0.0182537 0.0154909 0.0360973 0.0356608 0.03203 0.0242679 0.219658 0.0726211 
12600 1037 0.274181 0.164203 0.217882 0.0638056 0.177864 0.133875 0.0238766 0.0129168 0.016355 0.0137089 0.0332726 0.0321536 0.0349925 0.0244691 0.221576 0.0706241 
12800 978 0.280067 0.154893 0.21688 0.0649963 0.177194 0.131766 0.025 0.0137926 0.0155943 0.013229 0.0279293 0.0242501 0.0383612 0.0273265 0.218974 0.0756055 
13000 1003 0.279118 0.151205 0.217993 0.0639874 0.177363 0.132795 0.0253938 0.0146109 0.0174145 0.0144308 0.0283653 0.0255058 0.0378637 0.0242711 0.216489 0.0743767 
13200 930 0.291892 0.146645 0.211978 0.0618017 0.161194 0.128568 0.0271075 0.0153637 0.0166344 0.0133754 0.023828 0.0222971 0.0404409 0.0245621 0.226925 0.0721502 
13400 940 0.271518 0.143653 0.221046 0.0633402 0.18155 0.129074 0.026883 0.014974 0.0178232 0.0144302 0.0189809 0.0163896 0.0441983 0.0270181 0.218 0.0732229 
13600 969 0.272605 0.144458 0.221905 0.0678957 0.181439 0.126478 0.0282456 0.0168713 0.0193474 0.0162555 0.0163509 0.0151281 0.0471029 0.0298008 0.213014 0.0783311 
13800 994 0.273676 0.145986 0.219944 0.0671845 0.176804 0.12952 0.0280382 0.0169706 0.0184895 0.0153396 0.0164866 0.0139192 0.045129 0.0282181 0.221432 0.0754902 
14000 1002 0.251768 0.144809 0.229392 0.0667154 0.188076 0.126256 0.0299401 0.0182792 0.019487 0.0169561 0.0179346 0.0170454 0.0483823 0.0293681 0.21502 0.0758511 
14200 962 0.26993 0.150244 0.216017 0.0624644 0.177581 0.128299 0.0277859 0.0194889 0.0219526 0.0190187 0.0170168 0.0147594 0.0473842 0.0266016 0.222333 0.0760141 
14400 955 0.262769 0.153377 0.214755 0.0634178 0.182015 0.128854 0.0294031 0.0200721 0.0236218 0.0214279 0.0178064 0.0154673 0.0469453 0.0264596 0.222684 0.0776887 
14600 1001 0.26217 0.156169 0.216645 0.0674089 0.173209 0.127704 0.0285315 0.0189416 0.0222859 0.0199347 0.0209418 0.0166881 0.046043 0.0256832 0.230174 0.0764378 
14800 991 0.258674 0.151592 0.225726 0.0749009 0.176354 0.124438 0.0266801 0.0188246 0.0242071 0.021194 0.0223412 0.0178119 0.0423934 0.0262518 0.223625 0.0819404 
15000 1038 0.257331 0.153105 0.221309 0.0714888 0.173814 0.121755 0.0272351 0.0186222 0.0234498 0.0202552 0.0212655 0.019421 0.0465852 0.0280466 0.22901 0.0812117 
15200 960 0.255993 0.149881 0.2233 0.0718715 0.17517 0.123278 0.0287083 0.0195895 0.0244221 0.0202081 0.0214629 0.0193926 0.0465919 0.0266284 0.224372 0.0839789 
15400 1012 0.248191 0.147672 0.225299 0.0697103 0.180809 0.12654 0.0301877 0.0196225 0.0268652 0.0219792 0.0213837 0.017686 0.0486022 0.0245041 0.218662 0.0856203 
15600 913 0.250296 0.158186 0.220232 0.0680691 0.179956 0.127379 0.0275027 0.0181664 0.0272009 0.02139 0.0203882 0.0174593 0.0504929 0.0266946 0.223931 0.080553 
15800 1001 0.238291 0.155329 0.226974 0.0691912 0.187971 0.12814 0.0284715 0.0184505 0.027358 0.0225253 0.021117 0.0169605 0.0539016 0.0282222 0.215916 0.0779816 
16000 978 0.253442 0.153395 0.230259 0.0697146 0.17878 0.127409 0.0301227 0.0194396 0.0270419 0.022765 0.0199876 0.0191101 0.0545826 0.02761 0.205785 0.0776447 
16200 991 0.247332 0.149518 0.232164 0.070521 0.178311 0.128187 0.0313017 0.0201413 0.0278801 0.0235552 0.0198992 0.0186303 0.0567728 0.0294457 0.206339 0.0816498 
16400 997 0.244267 0.147972 0.23924 0.0734286 0.181288 0.125432 0.0306219 0.0182432 0.030011 0.0251599 0.0194959 0.0185721 0.0578262 0.0286182 0.197249 0.080602 
16600 976 0.251082 0.148266 0.240597 0.0763304 0.176554 0.125114 0.0277152 0.0168954 0.0282756 0.0243069 0.0187171 0.0171463 0.0599916 0.0289196 0.197067 0.0771802 
16800 1007 0.249726 0.150331 0.243493 0.084215 0.176776 0.125703 0.0282522 0.0153775 0.0281659 0.0280659 0.0190289 0.0166117 0.0581213 0.0295633 0.196437 0.0830089 
17000 1039 0.257688 0.146256 0.240215 0.0909284 0.171047 0.123778 0.030693 0.0165126 0.0289152 0.0277673 0.0184393 0.0158052 0.0580952 0.0307066 0.194906 0.0904381 
17200 1000 0.263805 0.144233 0.236175 0.0916825 0.169755 0.125004 0.02762 0.0162707 0.0286045 0.0291569 0.0206582 0.0178433 0.0575873 0.0292575 0.195794 0.0990712 
17400 938 0.254395 0.140001 0.23974 0.0941766 0.17737 0.119437 0.031194 0.0168229 0.0291726 0.0307995 0.0195051 0.017932 0.0575519 0.0284688 0.191072 0.101602 
17600 963 0.239866 0.133207 0.256276 0.0961653 0.186564 0.112241 0.0311942 0.0173812 0.0312209 0.0287085 0.0214777 0.0204157 0.054688 0.0268087 0.178713 0.103888 
17800 965 0.250821 0.136156 0.24251 0.0933856 0.18053 0.116311 0.0300104 0.0195996 0.0259256 0.0239993 0.0220961 0.0201632 0.0558125 0.028315 0.192295 0.104928 
18000 949 0.246303 0.141294 0.247485 0.0950329 0.182952 0.119635 0.0285353 0.0172034 0.0282407 0.0259539 0.0252845 0.0229782 0.0499253 0.0262589 0.191274 0.103431 
18200 969 0.245139 0.138607 0.253054 0.0999748 0.183911 0.116132 0.03 0.0184262 0.026427 0.0266029 0.0270978 0.0240797 0.0467595 0.0241129 0.187612 0.106965 
18400 957 0.252209 0.139781 0.239952 0.100271 0.178907 0.117185 0.029791 0.0173765 0.026318 0.024792 0.0279576 0.0241652 0.043739 0.0247092 0.201128 0.107182 
18600 1022 0.256766 0.140868 0.239114 0.100696 0.172901 0.114517 0.0294716 0.0191225 0.0260719 0.0251647 0.0269 0.0240542 0.0434762 0.0246908 0.2053 0.109063 
18800 942 0.262165 0.139045 0.233243 0.103228 0.16846 0.113323 0.0296709 0.0194237 0.0247368 0.0227931 0.0282004 0.0238972 0.0429463 0.0255681 0.210579 0.112612 
19000 976 0.259857 0.135006 0.252901 0.0990527 0.167398 0.103703 0.0311578 0.0207738 0.025658 0.0232055 0.0305146 0.0246517 0.0363115 0.0244148 0.196203 0.107322 
19200 1031 0.262306 0.134188 0.250456 0.10434 0.162684 0.10371 0.0300485 0.0197535 0.0234524 0.021481 0.0300461 0.0260647 0.0376104 0.0238905 0.203396 0.109525 
19400 989 0.257017 0.140488 0.259215 0.104399 0.163953 0.102208 0.0281395 0.0183047 0.0236367 0.0201922 0.0335457 0.0279601 0.0363903 0.0232491 0.198102 0.10407 
19600 954 0.246063 0.137729 0.275055 0.102902 0.169574 0.0984593 0.0308491 0.0205891 0.0254656 0.0210682 0.0356428 0.0287514 0.0349142 0.0215469 0.182437 0.100873 
19800 1005 0.2679 0.143788 0.254631 0.108927 0.155085 0.0980798 0.0288259 0.0203847 0.0236407 0.020864 0.0351034 0.0317906 0.0330547 0.0204728 0.201759 0.102536 
